Frame=1
959.02 2201.82
949.494 2417.31
968.74 2628.35
1011.92 2816.18
1077.26 2989.06
1171.74 3139.28
1274.23 3252.83
1411.5 3340.01
1581.12 3369.31
1741.31 3361.7
1873.4 3281.16
1987.43 3141.76
2088.89 2981.99
2160.07 2794.6
2203.28 2601.57
2233.56 2397.83
2242.39 2198.09
1071.53 2045.81
1187.48 1985.68
1298.11 1976.53
1404.27 1986.81
1499.12 2010.07
1756.07 2016.64
1867.37 1978.87
1967.4 1965.95
2063.94 1980.83
2144.49 2043.87
1620.82 2191.37
1626.6 2322.88
1632.97 2453.01
1638.69 2587.48
1475.9 2694.14
1552.07 2716.95
1631.15 2736.5
1709.43 2713.17
1778.82 2683.95
1160.88 2240.72
1237.91 2203.27
1333.89 2206.99
1420.46 2256.15
1332.29 2277.03
1237.93 2278.63
1798.73 2261.63
1880.01 2208.75
1973.9 2209.03
2047.68 2243.9
1983.42 2281.43
1890.95 2283.06
1339.21 2990.62
1449.58 2938.51
1548.57 2903.57
1629.44 2925.82
1714.68 2907.76
1815.8 2935.54
1896.38 2980.59
1820.18 3065.1
1722.08 3109.48
1629.88 3118.64
1542.9 3110.98
1441.33 3074.96
1388.39 3002.9
1545.48 2977.84
1627.86 2985.19
1713.91 2981.96
1855.77 2990.06
1714.22 3004.93
1626.71 3011.09
1542.62 3001.91
