Frame=1
220.081 400.45
212.622 458.563
211.654 520.787
218.542 580.314
236.591 634.007
263.658 676.966
289.558 708.342
322.949 733.443
369.938 743.3
423.029 742.216
472.993 717.294
518.826 680.304
551.532 632.904
573.506 578.785
585.22 526.368
592.639 474.378
596.712 424.314
274.74 337.03
300.579 318.855
330.001 311.679
358.699 316.902
382.068 328.077
472.067 329.647
500.561 323.351
526.228 323.46
549.088 333.334
564.281 354.404
422.585 393.356
421.182 425.382
420.061 456.874
418.926 489.016
376.055 520.325
394.382 527.867
412.941 534.545
432.409 531.319
449.147 527.302
300.492 404.713
323.393 393.115
347.736 395.289
365.519 406.552
343.634 413.459
319.395 412.354
468.589 413.377
489.062 403.895
512.739 405.615
528.665 417.647
513.047 423.205
490.087 421.762
339.745 596.2
371.183 576.222
396.79 567.926
412.293 573.626
430.036 570.617
450.167 582.137
467.299 601.88
446.246 614.673
424.451 616.976
405.956 616.878
388.897 614.192
365.605 607.753
351.683 596.349
393.255 590.922
409.467 592.532
427.438 592.895
457.604 601.57
426.204 593.589
408.227 593.737
392.04 591.472
