Frame=1
96.1413 169.977
97.4812 185.687
100.332 200.832
104.763 215.563
111.662 229.264
122.207 241.565
135.062 251.688
149.739 259.788
165.36 261.273
179.961 257.775
192.432 248.697
204.031 237.409
213.516 223.913
219.478 208.322
222.168 191.62
223.488 174.493
223.745 157.129
105.876 155.53
113.238 148.46
123.411 145.746
134.426 146.069
144.749 148.377
172.194 145.132
182.88 140.142
193.083 137.783
203.215 138.957
211.374 144.41
159.648 164.066
160.736 175.422
161.792 186.752
162.807 198.228
150.01 205.776
156.635 207.634
163.353 208.953
169.733 206.472
175.548 203.963
119.03 169.532
126.06 165.103
134.872 164.636
142.373 169.16
135.036 171.778
126.337 172.436
177.496 165.592
184.295 159.574
192.938 158.601
200.028 161.575
194.442 165.631
185.993 166.842
139.898 225.889
149.33 222.04
157.869 219.67
164.106 220.822
170.767 218.744
179.754 219.659
188.284 221.481
180.664 229.753
172.351 233.899
165.146 235.165
158.407 234.96
149.546 232.379
144.019 226.094
157.909 225.438
164.308 225.638
171.13 224.408
184.861 222.475
171.093 225.998
164.232 227.198
157.74 226.935
