Frame=1
148.927 478.686
166.147 579.385
193.885 670.735
230.035 758.88
275.857 837.996
335.302 906.229
391.944 960.398
444.984 999.652
509.423 1009.7
575.36 1000.77
632.753 956.973
695.738 899.242
758.515 828.631
811.145 747.336
850.678 655.177
878.652 556.509
896.479 457.473
188.493 368.541
229.696 329.791
285.73 311.149
347.467 310.133
408.662 322.093
587.832 313.721
651.558 303.233
705.866 303.441
760.929 316.258
808.454 344.706
507.377 446.641
509.353 536.253
511.679 624.028
514.841 709.551
433.51 720.486
471.546 739.664
514.433 754.721
556.814 739.898
593.298 722.603
260.76 466.145
300.16 441.721
352.867 443.333
394.052 474.518
350.611 489.195
298.412 489.954
616.115 466.228
655.109 433.712
706.982 434.348
747.03 455.128
711.662 479.041
661.02 480.404
400.282 843.314
445.813 823.838
487.032 812.917
516.966 822.777
548.949 813.781
592.607 821.73
632.489 831.54
594.752 870.215
551.734 892.684
518.321 898.812
484.234 894.319
444.012 878.662
421.328 846.931
486.557 841.993
518.181 846.195
550.591 841.547
615.285 838.137
549.519 843.856
517.772 849.728
486.186 845.055
