Frame=1
67.5554 487.029
73.5581 552.241
81.7234 614.309
90.7067 672.752
107.075 723.84
137.139 767.328
174.817 802.082
227.649 827.303
288.608 835.092
344.783 831.238
392.149 807.78
429.938 772.915
458.797 726.671
476.135 669.126
487.521 609.718
499.232 550.668
506.579 493.653
88.7828 405.294
119.645 373.409
163.736 361.134
209.629 363.932
252.803 377.968
339.831 383.639
383.247 372.828
423.796 373.368
462.462 382.706
489.81 408.592
297.605 446.435
298.107 483.495
298.758 520.325
299.511 558.922
244.645 595.573
269.908 604.353
295.505 612.2
321.716 605.765
344.534 597.735
143.762 465.738
169.316 454.102
199.972 453.394
226.789 464.85
198.981 473.05
169.742 473.87
357.597 467.928
384.596 459.138
414.473 462.158
438.114 474.256
414.297 481.193
385.76 478.616
196.498 697.727
232.373 673.044
266.846 663.943
294.076 670.18
321.795 664.885
354.29 676.85
380.74 698.864
355.099 723.677
323.399 735.231
293.543 737.411
264.524 735.614
229.13 725.047
211.645 697.244
266.569 686.096
294.017 688.218
322.119 686.475
366.766 699.08
321.809 701.437
293.526 703.861
265.639 702.008
