Frame=1
113.118 516.399
113.036 586.961
120.667 656.41
133.605 724.038
157.141 788.083
195 842.901
235.506 885.532
281.324 916.155
332.746 924.108
384.256 916.944
429.074 884.269
469.939 839.638
504.111 788.265
526.661 728.381
539.514 664.917
548.059 598.656
550.408 531.973
147.502 482.99
174.246 451.938
215.074 439.939
258.271 444.033
298.816 457.935
379.132 457.053
416.507 444.551
452.755 443.472
488.789 453.234
514.089 479.032
341.101 525.598
341.782 574.258
342.795 622.353
343.799 671.676
294.373 701.899
317.444 710.487
340.975 718.543
365.422 712.056
387.168 704.236
188.159 541.03
213.177 524.858
245.915 526.756
272.715 546.724
244.466 555.281
211.8 554.956
401.754 546.029
428.789 526.23
461.042 527.211
483.809 543.006
463.075 555.945
431.62 555.403
248.726 790.928
284.848 778.57
317.558 770.645
340.787 777.937
364.897 771.395
396.98 779.629
425.367 790.161
396.712 822.514
364.974 836.137
339.136 839.331
313.654 836.725
281.345 823.483
263.592 794.325
316.581 795.638
340.515 798.205
365.146 795.116
411.865 794.343
363.625 800.551
339.221 803.317
315.168 800.305
