Frame=1
169.852 391.77
172.307 449.539
182.365 504.114
197.812 555.758
219.769 607.469
250.434 654.55
282.755 693.154
322.318 722.784
370.48 733.253
418.523 726.703
459.434 696.516
496.82 655.116
528.684 609.757
551.599 561.487
566.783 509.449
578.383 452.403
585.145 393.334
201.853 361.475
228.538 338.245
267.484 334.039
306.869 342.62
341.719 357.902
424.157 351.298
461.241 332.972
497.23 323.902
533.03 326.509
557.811 347.264
382.346 401.281
381.838 449.224
381.12 497.103
380.456 545.088
333.812 552.741
355.583 564.54
379.203 573.159
403.96 564.499
425.672 553.586
239.367 401.924
263.26 388.532
293.658 390.356
317.268 408.982
292.01 415.385
262.039 414.277
446.31 405.782
469.737 385.774
499.651 384.146
520.897 396.518
502.214 410.052
473.311 411.253
302.282 625.598
332.518 616.237
359.654 611.541
378.73 617.623
399.433 611.804
428.217 615.945
455.212 624.516
428.929 647.882
400.384 658.856
378.002 661.378
356.469 658.666
330.333 648.035
316.738 629.581
358.161 630.358
378.392 632.633
399.354 630.341
442.787 628.1
398.874 631.202
377.641 633.691
357.361 630.824
