Frame=1
321.571 559.905
313.623 621.033
310.896 685.058
314.505 747.443
332.626 806.999
365.045 857.614
402.09 897.394
450.031 926.966
505.001 935.328
557.983 926.455
602.252 889.138
637.645 843.036
662.19 792.387
678.576 738.169
689.148 686.443
696.429 635.904
698.784 587.276
375.856 494.638
405.027 474.197
441.733 468.836
476.36 478.41
505.594 496.015
585.625 500.8
615.072 490.638
641.792 488.216
666.728 493.706
681.965 512.704
544.694 549.733
546.155 587.167
547.917 624.666
549.672 663.545
496.287 690.981
517.336 700.504
538.396 708.98
558.974 703.802
575.556 696.168
413.614 554.058
436.122 544.437
460.531 546.41
479.427 557.006
457.56 562.84
433.876 561.645
587.416 565.293
610.033 558.037
632.643 560.217
646.945 571.107
631.457 575.791
610.119 573.241
446.837 770.448
485.282 757.028
516.532 752.609
535.162 758.911
554.806 754.888
576.318 761.584
593.235 775.412
573.484 795.827
551.174 803.068
531.032 804.724
510.861 802.44
480.962 793.732
460.082 772.325
513.947 773.657
533.124 775.781
552.705 774.689
583.312 777.453
552.167 775.316
532.588 777.678
513.699 775.699
