Frame=1
222.977 489.971
223.919 533.047
225.947 574.307
235.068 618.643
255.319 660.23
289.174 703.034
328.945 746.141
374.753 784.654
420.997 795.041
466.826 780.231
506.786 746.027
549.856 707
587.66 662.468
614.019 608.54
626.043 546.903
628.749 486.468
627.225 428.903
234.455 391.306
252.371 374.229
280.89 372.511
312.847 382.364
341.727 398.373
450.008 403.779
486.643 389.346
521.178 384.815
555.036 390.508
582.461 407.478
403.889 471.598
404.126 512.411
404.699 552.624
405.331 593.103
356.992 595.81
381.383 608.916
407.596 618.16
432.292 607.904
454.824 598.239
275.188 463.875
296.376 458.537
322.421 460.816
346.551 471.488
320.807 477.691
295.662 476.498
463.6 474.655
490.339 466.014
516.786 466.92
539.798 471.188
516.985 481.299
490.8 482.679
325.662 637.893
359.421 639.179
389.913 642.435
410.849 647.652
433.008 642.387
465.973 639.359
499.643 634.308
468.466 679.492
435.74 698.559
411.795 701.601
389.602 698.006
357.759 679.032
336.886 641.144
389.561 654.645
410.62 658.027
433.168 654.267
488.641 638.715
434.176 674.302
411.625 677.275
390.005 673.441
