Frame=1
128.428 346.239
128.325 411.664
135.662 475.393
148.233 536.868
170.09 593.685
204.661 642.959
242.984 681.272
285.436 710.785
334.752 719.823
383.576 715.162
425.215 686.523
463.969 647.566
497.203 601.825
519.464 548.611
532.99 491.426
542.307 430.842
546.111 369.646
162.459 303.793
188.464 275.694
226.484 264.885
267.539 269.461
305.798 284.098
391.651 283.969
426.694 271.63
460.822 270.968
493.647 281.345
516.05 306.034
349.467 353.655
349.919 402.968
350.807 451.283
351.66 500.266
303.35 523.31
325.43 532.328
348.007 540.59
371.077 534.274
391.48 526.354
201.207 365.019
225.624 349.058
257.776 351.878
283.56 372.716
256.023 380.408
223.92 379.578
405.97 374.113
431.834 353.256
463.438 354.072
485.447 370.115
465.457 383.171
434.616 382.854
258.181 598.294
294.197 591.587
326.032 586.876
346.42 593.49
367.573 587.796
398.129 593.518
426.477 598.606
397.953 631.478
367.479 645.398
344.874 648.178
322.392 645.546
291.057 631.414
271.815 602.208
324.983 607.958
346.038 610.492
367.58 607.647
414.055 603.395
366.628 613.886
345.346 616.272
324.085 613.207
