Frame=1
114.592 402.899
115.186 479.898
124.699 556.107
143.183 629.706
173.397 694.326
214.464 748.979
254.065 790.299
301.122 818.665
359.252 825.204
418.064 816.496
467.561 780.315
511.589 731.829
544.118 674.312
566.368 611.168
581.329 546.187
591.988 480.145
596.981 416.01
165.515 313.871
195.217 282.695
235.104 269.605
276.854 276.245
314.117 294.209
430.991 297.106
469.859 284.89
506.617 283.783
539.637 295.695
560.391 324.447
373.67 388.46
373.339 441.357
373.701 492.923
374.155 545.067
316.666 573.241
342.877 584.112
370.186 594.037
397.692 586.312
421.44 575.905
209.71 403.782
236.441 390.053
269.726 392.559
296.281 408.167
267.022 418.918
234.072 418.257
434.043 412.591
462.013 399.179
494.783 400.815
517.933 414.361
495.502 426.085
463.664 425.033
277.304 675.351
315.224 656.363
347.025 646.383
369.111 653.348
391.189 647.786
420.378 658.07
446.16 673.906
418.914 698.471
389.593 706.328
366.37 708.336
342.767 705.761
312.023 697.366
291.792 677.262
346.071 671.981
368.512 673.921
391.013 671.839
432.073 676.803
389.667 673.373
367.638 675.604
345.187 673.376
