Frame=1
240.964 548.322
240.423 633.334
248.68 720.861
266.079 801.63
300.521 870.377
347.201 923.287
388.001 960.539
434.9 989.16
492.127 998.229
551.299 996.395
608.793 967.725
658.538 924.156
697.116 864.997
720.402 794.355
731.399 721.052
740.907 646.16
746.251 573.381
297.852 488.538
335.511 459.667
379.983 451.797
422.195 459.16
459.686 474.566
575.482 473.369
615.631 458.728
652.705 456.24
688.311 463.394
714.853 490.606
514.909 551.616
514.827 593.513
514.967 634.769
515.172 677.609
460.447 722.332
487.104 730.43
512.726 737.838
539.316 731.252
563.418 724.463
345.445 572.733
376.224 557.628
411.067 558.404
438.199 572.748
407.198 584.682
373.007 584.128
582.964 574.261
610.876 560.677
645.494 561.545
670.44 575.709
646.849 586.196
613.872 585.745
412.942 826.295
454.242 797.112
489.361 784.722
517.581 791.481
547.437 784.73
581.572 797.748
609.525 822.032
581.777 847.931
548.845 860.79
516.775 864.176
486.59 862.081
451.438 851.093
430.79 826.284
488.067 817.393
516.56 818.854
547.229 815.844
593.38 823.032
547.262 822.368
516.637 825.118
487.644 822.946
