Frame=1
329.166 589.675
326.931 646.879
330.827 704.64
339.952 761.233
357.135 814.747
387.797 863.18
427.622 900.105
477.996 928.751
537.427 937.812
595.871 932.074
645.341 906.817
685.746 872.414
714.711 829.211
730.869 780.052
738.741 728.054
744.642 672.671
747.162 616.866
378.351 552.604
404.111 533.337
434.573 526.364
466.441 531.744
496.813 542.903
590.451 540.637
623.008 528.835
652.41 525.15
680.861 529.674
703.797 547.435
543.868 601.905
543.387 642.543
542.99 682.824
542.445 723.897
498.099 744.404
519.645 753.153
541.889 760.857
564.813 754.49
585.262 746.293
411.577 612.901
433.762 602.501
459.45 603.191
481.167 614.879
458.163 621.93
433.071 621.562
600.664 613.657
622.29 601.645
648.248 601.474
669.187 611.509
649.735 619.676
625.046 619.852
458.208 820.459
491.464 805.634
520.841 798.652
540.905 803.904
561.895 798.996
591.759 805.958
620.948 818.833
591.924 839.315
562.596 847.227
540.048 849.156
518.769 847.486
489.976 840.591
471.496 821.94
520.137 820.892
540.747 821.982
562.195 819.963
608.263 821.348
561.255 820.077
539.879 821.494
519.555 820.191
