Frame=1
201.836 446.422
207.27 528.945
217.591 605.839
233.113 679.073
266.699 744.399
317.538 799.49
371.191 843.561
424.797 880.404
486.911 894.514
548.181 887.282
602.268 849.228
652.137 805.65
691.972 753.002
718.259 692.511
734.678 629.741
747.818 566.67
756.904 503.764
266.102 410.672
298.15 366.068
354.072 345.564
414.978 353.321
473.249 377.628
592.959 389.879
637.821 378.518
680.774 379.596
718.432 394.767
735.817 428.642
532.552 473.689
533.426 523.668
535.082 572.461
536.958 622.01
465.124 650.428
495.534 660.816
524.695 671.722
552.929 665.257
577.365 656.828
342.039 471.937
375.837 460.143
412.864 463.408
440.75 484.551
409.006 492.291
372.109 489.422
591.063 497.487
622.02 481.561
658.475 485.122
682.879 501.575
657.346 513.136
622.139 510.848
405.033 731.728
449.926 720.63
490.387 717.891
517.9 727.519
547.841 722.41
579.535 730.844
604.36 742.039
575.728 770.208
544.064 785.075
513.331 787.649
483.466 783.092
445.52 765.913
421.226 733.844
487.898 742.618
516.007 747.818
546.181 745.934
589.831 744.177
546.362 749.527
516.695 752.819
487.948 748.367
